# Blender v2.72 (sub 0) OBJ File: ''
# www.blender.org
mtllib 'cone'.mtl
o cone2_default
v 4.260000 0.000000 0.000000
v 0.000000 8.520000 0.000002
v 3.935727 -0.000000 1.630231
v 4.093451 0.231924 -0.254316
v 1.278533 5.861760 -0.254314
v 3.684534 0.231923 1.801454
v 3.074336 0.231923 2.714679
v 3.012275 -0.000000 3.012275
v 1.630231 -0.000002 3.935727
v 1.083888 5.861760 0.724233
v 1.331539 0.231922 3.879179
v 0.254316 0.231922 4.093451
v 0.000000 -0.000002 4.260000
v -1.630231 -0.000002 3.935727
v 0.254316 5.861760 1.278535
v -1.801454 0.231922 3.684534
v -2.714679 0.231922 3.074336
v -3.012275 -0.000000 3.012275
v -3.935727 -0.000000 1.630231
v -0.724231 5.861760 1.083890
v -3.879179 0.231923 1.331539
v -4.093451 0.231924 0.254316
v -4.260000 0.000000 0.000000
v -3.935727 0.000000 -1.630231
v -1.278533 5.861760 0.254318
v -3.684534 0.231924 -1.801454
v -3.074336 0.231924 -2.714679
v -3.012275 0.000000 -3.012275
v -1.630231 0.000002 -3.935727
v -1.083888 5.861760 -0.724229
v -1.331539 0.231925 -3.879179
v -0.254316 0.231925 -4.093451
v 0.000000 0.000002 -4.260000
v 1.630231 0.000002 -3.935727
v -0.254316 5.861760 -1.278531
v 1.801454 0.231925 -3.684534
v 2.714679 0.231925 -3.074336
v 3.012275 0.000000 -3.012275
v 3.935727 0.000000 -1.630231
v 0.724231 5.861760 -1.083886
v 3.879179 0.231924 -1.331539
v 2.526593 1.146097 1.968256
v 1.682643 3.533148 1.124308
v 2.785317 1.146098 1.581049
v 0.394804 1.146096 3.178338
v 0.394804 3.533148 1.984814
v 0.851546 1.146096 3.087487
v -1.968256 1.146097 2.526593
v -1.124306 3.533148 1.682645
v -1.581048 1.146096 2.785317
v -3.178338 1.146098 0.394804
v -1.984813 3.533148 0.394805
v -3.087486 1.146098 0.851546
v -2.526593 1.146098 -1.968256
v -1.682643 3.533149 -1.124304
v -2.785317 1.146098 -1.581048
v -0.394804 1.146098 -3.178338
v -0.394804 3.533149 -1.984811
v -0.851546 1.146098 -3.087486
v 1.968256 1.146098 -2.526592
v 1.124306 3.533149 -1.682641
v 1.581048 1.146098 -2.785316
v 3.178338 1.146098 -0.394804
v 1.984813 3.533148 -0.394802
v 3.087486 1.146098 -0.851546
usemtl default
s off
f 64 63 65 5
f 4 5 2
f 9 11 12 13
f 2 36 34 33
f 7 10 2
f 18 14 16 17
f 43 42 44 10
f 12 15 2
f 18 17 20 2
f 50 49 20 48
f 23 19 21 22
f 28 24 26 27
f 62 61 40 60
f 22 25 2
f 28 27 30 2
f 52 51 53 25
f 29 31 32 33
f 33 32 35 2
f 2 21 19 18
f 38 34 36 37
f 4 1 39 41
f 23 22 2 24
f 37 40 2
f 3 2 10 6
f 9 2 15 11
f 14 2 20 16
f 24 2 30 26
f 2 25 21
f 39 2 5 41
f 2 35 31
f 2 40 36
f 7 42 43 10
f 11 15 46 47
f 12 11 47 45
f 56 55 30 54
f 8 3 6 7
f 16 50 48 17
f 16 20 49 50
f 1 4 2 3
f 22 21 53 51
f 22 51 52 25
f 26 30 55 56
f 26 56 54 27
f 38 37 2 39
f 59 58 35 57
f 31 59 57 32
f 31 35 58 59
f 47 46 15 45
f 37 36 62 60
f 36 40 61 62
f 8 7 2 9
f 41 65 63 4
f 4 63 64 5
f 24 18 19 23
f 24 28 8 14
f 13 12 2 14
f 6 10 44
f 12 45 15
f 17 48 20
f 21 25 53
f 27 54 30
f 32 57 35
f 37 60 40
f 41 5 65
f 33 34 28 29
f 14 8 9 13
f 3 38 39 1
f 18 24 14
f 6 44 42 7
f 38 3 34
f 3 8 28 34
f 2 31 29 28
