# Blender v2.72 (sub 0) OBJ File: ''
# www.blender.org
mtllib 'object'.mtl
o Cube1_default
v 3.181685 8.722207 -4.999999
v 2.957794 8.340001 -4.617793
v -2.957794 8.340001 -4.617793
v -3.181685 8.722207 -4.999999
v -4.077273 9.617795 -4.999999
v 4.077273 9.617795 -4.999999
v -3.722206 8.181686 -4.999999
v -4.617794 9.077274 -4.999999
v -4.077273 10.000001 -4.617793
v 4.077273 10.000001 -4.617793
v 4.617794 9.077274 -4.999999
v 3.722206 8.181686 -4.999999
v -3.340000 7.957795 -4.120925
v -2.957794 7.957795 -3.738719
v -2.957794 2.042207 -3.738720
v -3.340000 2.042207 -4.120926
v -3.340000 2.042207 -4.617794
v -3.340000 7.957795 -4.617793
v -2.957794 1.660001 -4.120926
v -2.957794 1.660001 -4.617794
v -3.722206 1.818316 -5.000000
v -2.957794 8.340001 -4.120925
v 4.120926 7.957795 -3.339999
v 3.738720 7.957795 -2.957793
v 3.738720 2.042207 -2.957794
v 4.120926 2.042207 -3.340000
v 4.617794 2.042207 -3.340000
v 4.617794 7.957795 -3.339999
v 4.120926 1.660000 -2.957794
v 4.617794 1.660000 -2.957794
v 5.000000 1.818316 -3.722206
v 5.000000 8.181686 -3.722204
v 4.617794 8.340001 -2.957793
v 4.120926 8.340001 -2.957793
v 4.120926 8.339999 2.957795
v 3.738720 7.957794 2.957795
v 4.617794 8.339999 2.957795
v 5.000000 8.722207 -3.181684
v 5.000000 8.722205 3.181687
v 4.617794 7.957794 3.340001
v 4.120926 7.957794 3.340001
v 3.722206 -0.000001 3.181685
v 3.340000 0.382205 2.957794
v 3.340000 0.382206 -2.957794
v 3.722206 0.000001 -3.181685
v 4.617794 0.000001 -4.077273
v 4.617794 -0.000001 4.077273
v 3.181685 0.000001 -3.722206
v 4.077273 0.000001 -4.617794
v 5.000000 0.382207 -4.077273
v 5.000000 0.382205 4.077273
v 4.077273 -0.000001 4.617794
v 3.181685 -0.000001 3.722206
v -3.181685 8.722205 5.000001
v -2.957794 8.339999 4.617795
v 2.957794 8.339999 4.617795
v 3.181685 8.722205 5.000001
v 4.077273 9.617793 5.000001
v -4.077273 9.617793 5.000001
v 3.722206 8.181684 5.000001
v 4.617794 9.077272 5.000001
v 4.077273 9.999999 4.617795
v -4.077273 9.999999 4.617795
v -4.617794 9.077272 5.000001
v -3.722206 8.181684 5.000001
v -3.722206 1.818314 5.000000
v -3.340000 2.042205 4.617795
v -3.340000 7.957793 4.617795
v -4.617794 0.922726 5.000000
v -5.000000 9.077272 4.617795
v -5.000000 0.922726 4.617794
v -4.077273 0.382205 5.000000
v -3.181685 1.277793 5.000000
v 2.957794 9.120925 3.340001
v 2.957794 8.738719 2.957795
v -2.957794 8.738719 2.957795
v -2.957794 9.120925 3.340001
v -2.957794 9.617793 3.340002
v 2.957794 9.617793 3.340002
v -3.340000 9.120925 2.957795
v -3.340000 9.617793 2.957796
v -3.181685 9.999999 3.722208
v 3.181685 9.999999 3.722208
v 3.340000 9.617793 2.957796
v 3.340000 9.120925 2.957795
v -2.957794 0.879073 3.340000
v -2.957794 1.261279 2.957794
v 2.957794 1.261279 2.957794
v 2.957794 0.879073 3.340000
v 2.957794 0.382205 3.340000
v -2.957794 0.382205 3.340000
v 3.340000 0.879073 2.957794
v -3.181685 -0.000001 3.722206
v -3.340000 0.382205 2.957794
v -3.340000 0.879073 2.957794
v 3.340000 9.120927 -2.957793
v 2.957794 8.738721 -2.957793
v 3.340000 9.617795 -2.957792
v 3.722206 9.999999 3.181687
v 3.722206 10.000001 -3.181684
v 2.957794 9.617795 -3.339998
v 2.957794 9.120927 -3.339998
v -4.617794 0.922728 -5.000000
v -3.181685 1.277795 -5.000000
v -4.077273 0.382207 -5.000000
v -5.000000 0.922728 -4.617794
v -5.000000 9.077274 -4.617793
v -4.077273 0.000001 -4.617794
v -4.617794 0.000001 -4.077273
v -5.000000 0.382207 -4.077273
v -5.000000 9.617795 -4.077272
v -4.617794 10.000001 -4.077272
v -2.957794 8.738721 -2.957793
v -3.340000 9.120927 -2.957793
v -2.957794 9.120927 -3.339998
v -5.000000 1.818316 -3.722206
v -4.617794 2.042207 -3.340000
v -4.617794 7.957795 -3.339999
v -5.000000 8.181686 -3.722204
v -5.000000 8.722207 -3.181684
v -5.000000 1.277794 -3.181685
v 3.738720 2.042206 2.957794
v 4.120926 1.659999 2.957794
v 4.617794 1.659999 2.957794
v 4.120926 2.042206 3.340000
v 4.617794 2.042206 3.340000
v 5.000000 1.277794 3.181685
v 5.000000 1.277794 -3.181685
v -4.617794 8.340001 -2.957793
v -4.617794 8.339999 2.957795
v -5.000000 8.722205 3.181687
v -5.000000 9.617793 4.077275
v -5.000000 8.181684 3.722207
v -4.617794 9.999999 4.077275
v -3.340000 0.879074 -2.957794
v -2.957794 1.261280 -2.957794
v -3.340000 0.382206 -2.957794
v -3.722206 -0.000001 3.181685
v -3.722206 0.000001 -3.181685
v -2.957794 0.382206 -3.340000
v -2.957794 0.879074 -3.340000
v -2.957794 8.339999 4.120928
v -2.957794 7.957794 3.738722
v 2.957794 7.957794 3.738722
v 2.957794 8.339999 4.120928
v 3.340000 7.957794 4.120928
v 3.340000 7.957793 4.617795
v -3.340000 7.957794 4.120928
v 3.181685 1.277793 5.000000
v 2.957794 1.659999 4.617795
v -2.957794 1.659999 4.617795
v 4.077273 0.382205 5.000000
v -4.077273 -0.000001 4.617794
v 4.617794 0.922726 5.000000
v 3.722206 1.818314 5.000000
v 3.181685 10.000001 -3.722204
v 4.617794 9.999999 4.077275
v 4.617794 10.000001 -4.077272
v 5.000000 9.617793 4.077275
v 5.000000 9.617795 -4.077272
v 2.957794 0.879074 -3.340000
v 2.957794 1.261280 -2.957794
v 2.957794 0.382206 -3.340000
v -3.181685 0.000001 -3.722206
v 3.340000 0.879074 -2.957794
v -4.617794 7.957794 3.340001
v -4.617794 2.042206 3.340000
v -5.000000 1.818314 3.722206
v -5.000000 1.277794 3.181685
v -5.000000 0.382205 4.077273
v -4.617794 -0.000001 4.077273
v 5.000000 8.181684 3.722207
v 5.000000 1.818314 3.722206
v 5.000000 0.922726 4.617794
v 5.000000 0.922728 -4.617794
v -3.340000 9.617795 -2.957792
v -2.957794 9.617795 -3.339998
v -3.722206 10.000001 -3.181684
v -3.722206 9.999999 3.181687
v 2.957794 8.340001 -4.120925
v 2.957794 7.957795 -3.738719
v 3.340000 7.957795 -4.617793
v 3.340000 7.957795 -4.120925
v -4.120926 8.340001 -2.957793
v -3.738720 7.957795 -2.957793
v -3.738720 7.957794 2.957795
v -4.120926 8.339999 2.957795
v -4.120926 7.957794 3.340001
v -4.120926 7.957795 -3.339999
v -3.181685 10.000001 -3.722204
v 5.000000 9.077274 -4.617793
v 4.617794 0.922728 -5.000000
v 2.957794 1.660001 -4.617794
v 3.181685 1.277795 -5.000000
v 4.077273 0.382207 -5.000000
v 3.722206 1.818316 -5.000000
v 3.340000 2.042207 -4.617794
v 3.340000 2.042207 -4.120926
v 2.957794 2.042207 -3.738720
v 2.957794 1.660001 -4.120926
v 3.340000 2.042205 4.617795
v 5.000000 9.077272 4.617795
v -4.120926 1.659999 2.957794
v -3.738720 2.042206 2.957794
v -3.738720 2.042207 -2.957794
v -4.120926 1.660000 -2.957794
v -4.617794 1.660000 -2.957794
v -4.617794 1.659999 2.957794
v -4.120926 2.042207 -3.340000
v -4.120926 2.042206 3.340000
v 2.957794 1.659999 4.120927
v 2.957794 2.042205 3.738721
v -2.957794 2.042205 3.738721
v -2.957794 1.659999 4.120927
v -3.340000 2.042205 4.120927
v 3.340000 2.042205 4.120927
v 2.957794 7.662014 3.738722
v 2.957794 7.366235 3.738722
v 2.957794 7.070456 3.738722
v 2.957794 6.774676 3.738722
v 2.957794 6.478897 3.738721
v 2.957794 6.183117 3.738721
v 2.957794 5.887338 3.738721
v 2.957794 5.591558 3.738721
v 2.957794 5.492965 3.738721
v 2.957794 5.394372 3.738721
v 2.957794 5.295779 3.738721
v 2.957794 5.000000 3.738721
usemtl default
s off
f 223 227 146 219
f 74 75 76 77
f 227 225 222 224
f 222 220 227 226
f 92 43 90
f 200 199 198 193
f 141 136 135 140
f 123 125 126 124
f 85 75 74 84
f 33 34 24 23
f 183 181 180 182
f 109 108 164 139
f 176 178 179 81
f 134 63 82 179
f 88 92 90 89
f 175 192 11 191
f 183 182 197 198
f 186 188 130 187
f 154 174 202 61
f 121 207 117 116
f 38 160 159 39
f 42 53 90 43
f 20 104 21 17
f 6 1 4 5
f 140 164 48 163
f 57 60 61 58
f 58 62 63 59
f 59 64 65 54
f 66 67 68 65
f 66 65 64 69
f 54 65 68 55
f 64 70 71 69
f 69 72 73 66
f 4 7 8 5
f 77 78 79 74
f 78 82 83 79
f 80 81 78
f 12 1 6 11
f 86 87 88 89
f 89 90 91 86
f 13 14 15 16
f 90 53 93 91
f 16 17 18 13
f 210 204 203 167
f 85 84 98 96
f 84 99 100 98
f 45 46 47 42
f 228 213 214 212
f 103 21 104 105
f 103 106 107 8
f 113 114 80 76
f 76 75 97 113
f 97 102 115 113
f 116 117 118 119
f 116 119 107 106
f 119 120 111 107
f 106 110 121 116
f 29 25 122 123
f 123 124 30 29
f 124 127 128 30
f 19 20 17
f 27 30 128 31
f 120 129 130 131
f 131 132 111 120
f 131 133 70 132
f 132 134 112 111
f 135 136 87 95
f 17 21 7 18
f 94 138 139 137
f 142 143 144 145
f 76 80 78 77
f 145 56 55 142
f 145 146 147 56
f 57 56 147 60
f 73 72 152 149
f 213 215 151 214
f 149 150 151 73
f 66 73 151 67
f 72 153 52 152
f 149 152 154 155
f 23 24 25 26
f 99 157 158 100
f 99 83 62 157
f 26 27 28 23
f 158 10 156 100
f 161 162 136 141
f 141 140 163 161
f 133 166 167 168
f 29 30 27
f 100 156 101 98
f 168 71 70 133
f 71 168 169 170
f 125 122 36 41
f 41 40 126 125
f 40 172 173 126
f 189 185 184 118
f 124 126 173 127
f 127 51 50 128
f 127 173 174 51
f 128 50 175 31
f 139 164 140 137
f 138 171 109 139
f 138 93 153 171
f 171 170 110 109
f 27 31 32 28
f 114 176 81 80
f 81 179 82 78
f 115 177 176
f 180 181 14 22
f 22 3 2 180
f 4 3 18 7
f 35 36 24 34
f 184 185 186 187
f 187 130 129 184
f 130 166 133 131
f 188 166 130
f 178 112 134 179
f 22 14 13 3
f 178 190 9 112
f 34 33 37 35
f 25 24 36 122
f 122 125 123
f 32 38 33 28
f 31 175 191 32
f 33 38 39 37
f 191 160 38 32
f 104 20 193 194
f 194 195 105 104
f 194 196 192 195
f 195 49 108 105
f 136 162 88 87
f 162 165 92 88
f 196 197 182 12
f 196 12 11 192
f 2 1 12 182
f 198 199 181 183
f 102 101 177 115
f 109 110 106 105
f 101 156 190 177
f 176 177 190 178
f 60 147 201 155
f 155 154 61 60
f 155 201 150 149
f 42 43 44 45
f 203 204 205 206
f 206 207 208 203
f 207 121 169 208
f 209 117 207
f 45 48 49 46
f 15 19 17 16
f 121 110 170 169
f 204 186 185 205
f 204 210 188 186
f 185 189 209 205
f 214 151 150 211
f 216 212 211 201
f 14 181 199 15
f 215 67 151
f 25 29 27 26
f 199 200 19 15
f 215 213 143 148
f 148 68 67 215
f 210 167 166 188
f 167 208 169 168
f 189 118 117 209
f 119 118 129 120
f 37 39 172 40
f 57 58 59 54
f 159 202 172 39
f 93 138 94 91
f 46 50 51 47
f 53 52 153 93
f 200 193 20 19
f 193 197 196 194
f 47 52 53 42
f 173 172 202 174
f 164 108 49 48
f 156 10 9 190
f 216 201 147 146
f 165 44 43 92
f 44 163 48 45
f 83 99 84 79
f 1 2 3 4
f 144 217 146 145
f 160 191 11 6
f 105 108 109
f 10 158 160 6
f 61 202 159 58
f 144 213 218 217
f 192 175 50 46
f 227 218 213 228
f 5 9 10 6
f 144 143 213
f 217 218 219 146
f 82 63 62 83
f 220 218 227
f 165 162 161 44
f 49 195 192 46
f 171 153 72 170
f 219 221 220 223
f 152 52 47
f 95 94 137 135
f 212 216 146
f 227 228 212 146
f 79 84 74
f 54 55 56 57
f 70 64 59
f 224 222 226 227
f 21 103 8 7
f 2 182 180
f 132 70 134
f 148 143 142 68
f 91 94 86
f 98 101 96
f 96 97 75 85
f 137 140 135
f 55 68 142
f 18 3 13
f 157 159 160 158
f 163 44 161
f 40 41 36 35
f 28 33 23
f 114 113 115 176
f 129 118 184
f 37 40 35
f 197 193 198
f 102 97 96 101
f 208 167 203
f 211 212 214
f 95 87 86 94
f 150 201 211
f 59 63 134 70
f 103 105 106
f 159 157 62 58
f 5 8 107 111
f 112 9 5 111
f 222 223 220
f 72 69 71 170
f 47 51 174 152
f 154 152 174
f 225 227 223 222
f 218 220 221 219
f 205 209 207 206
