# Blender v2.72 (sub 0) OBJ File: ''
# www.blender.org
mtllib Grainery 1.0.mtl
o Grainery_default2
v 4.632512 3.559505 -3.250711
v 4.617385 0.000001 -3.239751
v 4.514245 0.000001 -3.758270
v 4.529372 3.559505 -3.769229
v 4.514245 3.551906 -2.721233
v 4.514245 0.000000 -2.721233
v 4.220528 3.551906 -2.281654
v 4.220528 0.000000 -2.281655
v 3.780950 3.551906 -1.987937
v 3.780950 0.000000 -1.987938
v 3.258370 4.230351 -3.259307
v 3.258370 3.508827 -1.904354
v 3.262431 0.000000 -1.884798
v 2.739852 3.508827 -2.007494
v 2.743913 0.000000 -1.987938
v 2.304825 3.548421 -2.285297
v 2.304335 0.000000 -2.281655
v 2.070063 3.519549 -2.722605
v 2.010617 0.000000 -2.721233
v 2.015390 3.517257 -3.240885
v 1.907478 0.000001 -3.239751
v 2.087993 3.507438 -3.742860
v 2.024807 0.000001 -3.748789
v 2.332320 3.552735 -4.168367
v 2.329542 -0.000031 -4.173468
v 2.762512 3.533602 -4.466031
v 2.754932 -0.000031 -4.476666
v 3.258247 3.538675 -4.573670
v 3.258247 0.000001 -4.573670
v 3.776766 3.551906 -4.470530
v 3.776766 0.000001 -4.470531
v 4.220528 3.551906 -4.197847
v 4.220528 0.000001 -4.197848
v 2.054352 0.000000 -2.106991
v 4.305124 0.000000 -1.538294
v 3.955137 0.000000 -0.153126
v 1.704365 0.000000 -0.721823
v 1.943760 0.042911 -0.796978
v 2.229316 0.042911 -1.927141
v 3.780173 0.042911 -0.332976
v 4.065728 0.042911 -1.463139
v 2.077810 4.059037 0.745860
v 2.054275 4.075752 0.655232
v 2.018432 4.123352 0.581094
v 1.975739 4.194589 0.534733
v 1.932694 4.278620 0.523209
v 1.895851 4.362651 0.548274
v 1.870819 4.433889 0.606114
v 1.861409 4.481488 0.687922
v 1.869053 4.498203 0.781244
v 1.892588 4.481488 0.871873
v 1.928431 4.433889 0.946011
v 1.971124 4.362651 0.992371
v 2.014169 4.278620 1.003896
v 2.051012 4.194589 0.978830
v 2.076044 4.123352 0.920991
v 2.085454 4.075752 0.839183
v -1.003282 2.552371 1.268094
v -1.026817 2.569085 1.177465
v -0.995638 2.569085 1.361416
v -1.005048 2.616685 1.443225
v -1.030080 2.687923 1.501064
v -1.066923 2.771953 1.526129
v -1.109967 2.855984 1.514605
v -1.152661 2.927222 1.468244
v -1.188504 2.974822 1.394107
v -1.212038 2.991536 1.303478
v -1.219683 2.974822 1.210156
v -1.210272 2.927222 1.128348
v -1.185240 2.855984 1.070508
v -1.148397 2.771953 1.045443
v -1.105353 2.687923 1.056967
v -1.062659 2.616685 1.103328
v 3.093455 3.960258 0.381208
v 3.082003 4.012823 0.357716
v 3.049389 4.057385 0.337801
v 3.000579 4.087161 0.324495
v 2.925931 4.094516 0.321207
v 2.902502 4.090261 0.323109
v 2.836619 4.057385 0.337801
v 2.804005 4.012823 0.357716
v 2.792552 3.960258 0.381208
v 2.804005 3.907693 0.404699
v 2.836619 3.863131 0.424614
v 2.885428 3.833355 0.437921
v 2.943004 3.822899 0.442594
v 3.000579 3.833355 0.437921
v 3.049389 3.863131 0.424614
v 3.082003 3.907693 0.404699
v 3.093455 2.544752 -2.786163
v 3.082003 2.597317 -2.809654
v 3.082003 2.492187 -2.762672
v 3.049389 2.447624 -2.742757
v 3.000579 2.417849 -2.729450
v 2.943004 2.407393 -2.724777
v 2.885428 2.417849 -2.729450
v 2.836619 2.447624 -2.742757
v 2.804005 2.492187 -2.762672
v 2.792552 2.544752 -2.786163
v 2.804005 2.597317 -2.809654
v 2.836619 2.641879 -2.829570
v 2.902502 2.674755 -2.844262
v 2.925931 2.679010 -2.846164
v 3.000579 2.671654 -2.842876
v 3.049389 2.641879 -2.829570
v -0.354133 3.551905 1.551444
v -0.354133 -0.000000 1.551443
v -0.528418 -0.000000 0.675252
v -0.528418 3.551905 0.675253
v -2.643731 4.479220 1.551444
v -0.528418 3.551905 2.427635
v -0.528418 -0.000000 2.427634
v -1.024740 3.551905 3.170434
v -1.024740 -0.000001 3.170434
v -1.767540 3.551905 3.666756
v -1.767540 -0.000001 3.666756
v -2.643731 3.551905 3.841042
v -2.643731 -0.000001 3.841041
v -3.519922 3.551905 3.666756
v -3.519922 -0.000001 3.666756
v -4.262721 3.551905 3.170434
v -4.262721 -0.000001 3.170434
v -4.759043 3.551905 2.427635
v -4.759043 -0.000000 2.427634
v -4.931757 3.551905 1.543545
v -4.931757 -0.000000 1.543544
v -4.760615 3.551905 0.683152
v -4.760615 -0.000000 0.683151
v -4.262721 3.551905 -0.067547
v -4.262721 0.000000 -0.067547
v -3.519922 3.551905 -0.563869
v -3.519922 0.000000 -0.563870
v -2.643731 3.551906 -0.738154
v -3.315769 1.082574 -0.604478
v -3.315769 0.883789 -0.604478
v -1.767540 3.551905 -0.563869
v -2.847883 1.082574 -0.697546
v -1.767540 0.000000 -0.563870
v -2.643731 0.000000 -0.738155
v -1.024740 3.551905 -0.067547
v -1.024740 0.000000 -0.067547
v -2.847883 0.883789 -0.697546
v -3.588952 0.921948 -1.977858
v -3.588952 0.883789 -1.977858
v -3.121066 0.921948 -2.070927
v -3.121066 0.883789 -2.070927
v -3.163028 0.883789 -1.846950
v -3.181942 0.883789 -2.004969
v -3.501641 0.883789 -1.788607
v -3.520555 0.883789 -1.946626
v -3.163028 -0.004389 -1.846950
v -3.181942 -0.004389 -2.004969
v -3.501641 -0.004389 -1.788607
v -3.520555 -0.004389 -1.946626
v 3.952367 5.896873 0.981977
v 3.952367 -0.000000 0.981977
v 3.849228 -0.000000 0.463458
v 3.849228 5.896873 0.463459
v 2.597414 6.720618 0.981978
v 3.849228 5.896873 1.500496
v 3.849228 -0.000000 1.500495
v 3.555511 5.896873 1.940074
v 3.555511 -0.000000 1.940073
v 3.115932 5.896873 2.233791
v 3.115932 -0.000000 2.233790
v 2.597414 5.896873 2.336931
v 2.597414 -0.000000 2.336930
v 2.078896 5.896873 2.233791
v 2.078896 -0.000000 2.233790
v 1.639317 5.896873 1.940074
v 1.639317 -0.000000 1.940073
v 1.345600 5.896873 1.500496
v 1.345600 -0.000000 1.500495
v 1.242461 5.896873 0.981977
v 1.242461 -0.000000 0.981977
v 1.345600 5.896873 0.463459
v 1.345600 -0.000000 0.463458
v 1.639317 5.896873 0.023881
v 1.639317 -0.000000 0.023880
v 2.078896 5.896873 -0.269836
v 2.078896 0.000000 -0.269837
v 2.597414 5.896873 -0.372976
v 2.597414 0.000000 -0.372977
v 3.115932 5.896873 -0.269836
v 3.115932 0.000000 -0.269837
v 3.555511 5.896873 0.023881
v 3.555511 -0.000000 0.023880
usemtl default2
s off
f 2 1 5 6
f 7 8 6 5
f 9 10 8 7
f 12 13 10 9
f 12 14 15 13
f 12 11 14
f 14 16 17 15
f 18 19 17 16
f 20 21 19 18
f 22 23 21 20
f 22 24 25 23
f 26 27 25 24
f 26 28 29 27
f 28 30 31 29
f 32 33 31 30
f 32 4 3 33
f 37 38 39 34
f 38 40 41 39
f 39 41 35 34
f 132 131 134 135
f 35 41 40 36
f 42 58 59 43
f 57 60 58 42
f 57 56 61 60
f 56 55 62 61
f 54 63 62 55
f 53 64 63 54
f 53 52 65 64
f 52 51 66 65
f 50 67 66 51
f 49 68 67 50
f 49 48 69 68
f 47 70 69 48
f 46 71 70 47
f 46 45 72 71
f 44 73 72 45
f 44 43 59 73
f 74 90 91 75
f 74 89 92 90
f 89 88 93 92
f 87 94 93 88
f 86 95 94 87
f 85 96 95 86
f 85 84 97 96
f 84 83 98 97
f 83 82 99 98
f 81 100 99 82
f 81 80 101 100
f 79 102 101 80
f 78 103 102 79
f 77 104 103 78
f 77 76 105 104
f 76 75 91 105
f 106 107 108 109
f 111 112 107 106
f 106 110 111
f 111 113 114 112
f 111 110 113
f 113 115 116 114
f 113 110 115
f 117 118 116 115
f 115 110 117
f 119 120 118 117
f 117 110 119
f 119 121 122 120
f 119 110 121
f 121 123 124 122
f 121 110 123
f 125 126 124 123
f 123 110 125
f 127 128 126 125
f 125 110 127
f 129 130 128 127
f 127 110 129
f 131 132 130 129
f 129 110 131
f 133 137 134 131
f 131 110 133
f 139 142 137 133
f 133 110 136
f 136 138 139 133
f 140 141 138 136
f 136 110 140
f 109 108 141 140
f 140 110 109
f 139 132 135 142
f 109 110 106
f 135 134 143 144
f 53 54 51 52
f 137 145 143 134
f 142 146 145 137
f 135 149 147 142
f 142 147 148
f 145 146 144 143
f 147 151 152 148
f 148 150 144
f 150 149 135
f 149 153 151 147
f 150 154 153 149
f 148 152 154 150
f 158 155 156 157
f 155 160 161 156
f 155 159 160
f 160 162 163 161
f 160 159 162
f 162 164 165 163
f 162 159 164
f 166 167 165 164
f 164 159 166
f 168 169 167 166
f 166 159 168
f 168 170 171 169
f 168 159 170
f 172 173 171 170
f 170 159 172
f 172 174 175 173
f 172 159 174
f 174 176 177 175
f 174 159 176
f 176 178 179 177
f 176 159 178
f 178 180 181 179
f 178 159 180
f 182 183 181 180
f 180 159 182
f 182 184 185 183
f 182 159 184
f 186 187 185 184
f 184 159 186
f 158 157 187 186
f 186 159 158
f 51 54 56 42
f 158 159 155
f 54 55 56
f 96 97 102
f 59 66 67
f 88 89 78
f 146 142 148
f 146 148 144
f 144 150 135
f 43 44 42
f 44 45 46
f 66 63 64 65
f 102 103 93 94
f 47 48 49
f 47 44 46
f 99 102 98
f 56 57 42
f 101 102 100
f 42 44 50 51
f 44 49 50
f 44 47 49
f 93 103 92
f 90 103 91
f 103 104 105
f 102 97 98
f 102 94 95 96
f 59 58 63 66
f 102 99 100
f 59 71 72 73
f 103 105 91
f 103 90 92
f 62 63 61
f 60 63 58
f 70 71 68 69
f 78 79 85 86
f 71 59 67 68
f 75 78 74
f 63 60 61
f 85 79 84
f 83 79 82
f 79 80 81
f 77 78 76
f 78 89 74
f 1 2 3 4
f 79 83 84
f 78 75 76
f 37 36 40 38
f 78 86 87 88
f 79 81 82
f 5 11 7
f 7 11 9
f 20 11 22
f 28 11 30
f 30 11 32
f 11 1 4
f 5 1 11
f 9 11 12
f 16 14 11
f 18 16 11
f 20 18 11
f 24 22 11
f 26 24 11
f 26 11 28
f 32 11 4
