# Blender v2.72 (sub 0) OBJ File: ''
# www.blender.org
mtllib untitled.mtl
o Cube2_default
v 0.833493 -0.000000 0.815102
v 4.378647 -0.000000 0.815102
v 4.378647 -0.000001 4.360256
v 0.833493 -0.000001 4.360256
v 0.833493 6.363782 4.360257
v 0.833493 6.363783 0.815103
v 4.378647 6.363782 4.360257
v 4.378647 6.363783 0.815103
v 0.959127 6.363783 0.940737
v 4.253013 6.363783 0.940737
v 0.959127 6.363782 4.234623
v 4.253013 6.363782 4.234623
v -4.175540 0.009000 -4.217513
v -0.869387 0.009000 -4.217513
v -0.869387 0.008999 -0.911359
v -4.175540 0.008999 -0.911359
v -4.175540 6.712065 -0.911358
v -4.175540 6.712065 -4.217512
v -0.869387 6.712065 -0.911358
v -0.869387 6.712065 -4.217512
v -4.049907 6.712065 -4.091878
v -0.995021 6.712065 -4.091878
v -4.049907 6.712065 -1.036992
v -0.995021 6.712065 -1.036992
v -1.835777 0.000000 -0.489042
v 0.532340 -0.000000 1.870823
v -1.827525 -0.000001 4.238940
v -4.195642 -0.000000 1.879075
v -4.195642 8.141549 1.879076
v -1.835777 8.141549 -0.489041
v -1.827525 8.141548 4.238942
v 0.532340 8.141549 1.870824
v -1.835467 8.141549 -0.311368
v 0.354667 8.141549 1.871134
v -4.017970 8.141549 1.878766
v -1.827835 8.141548 4.061269
v 0.959127 6.210719 0.940737
v 4.253013 6.210719 0.940737
v 0.959127 6.210718 4.234623
v 4.253013 6.210718 4.234623
v -4.049907 6.559001 -4.091878
v -0.995021 6.559001 -4.091878
v -4.049907 6.559000 -1.036992
v -0.995021 6.559000 -1.036992
v -1.835467 7.988485 -0.311368
v 0.354667 7.988484 1.871134
v -4.017970 7.988484 1.878766
v -1.827835 7.988484 4.061269
usemtl none
s off
f 1 2 3 4
f 6 1 4 5
f 4 3 7 5
f 2 1 6 8
f 6 9 10 8
f 5 11 9 6
f 2 8 7 3
f 8 10 12 7
f 7 12 11 5
f 13 14 15 16
f 16 17 18 13
f 16 15 19 17
f 18 20 14 13
f 18 21 22 20
f 17 23 21 18
f 14 20 19 15
f 20 22 24 19
f 19 24 23 17
f 25 26 27 28
f 28 29 30 25
f 28 27 31 29
f 30 32 26 25
f 30 33 34 32
f 29 35 33 30
f 26 32 31 27
f 32 34 36 31
f 31 36 35 29
f 9 37 38 10
f 11 39 37 9
f 12 40 39 11
f 10 38 40 12
f 21 41 42 22
f 23 43 41 21
f 24 44 43 23
f 22 42 44 24
f 33 45 46 34
f 35 47 45 33
f 36 48 47 35
f 34 46 48 36
f 47 48 46 45
f 43 44 42 41
f 39 40 38 37
o Cube1_grass
v -5.003457 -2.011494 -4.997368
v 5.003457 -2.011494 -4.997368
v 5.003457 -2.011496 5.009546
v -5.003457 -2.011496 5.009546
v -5.003457 -0.011496 5.009547
v -5.003457 -0.011494 -4.997367
v 5.003457 -0.011496 5.009547
v 5.003457 -0.011494 -4.997367
usemtl none
s off
f 49 50 51 52
f 54 49 52 53
f 52 51 55 53
f 50 49 54 56
f 53 55 56 54
f 50 56 55 51
o Cube
v 1.000000 -1.000000 -1.000000
v 1.000000 -1.000000 1.000000
v -1.000000 -1.000000 1.000000
v -1.000000 -1.000000 -1.000000
v 1.000000 1.000000 -0.999999
v 0.999999 1.000000 1.000001
v -1.000000 1.000000 1.000000
v -1.000000 1.000000 -1.000000
usemtl none
s off
f 57 58 59 60
f 61 64 63 62
f 57 61 62 58
f 58 62 63 59
f 59 63 64 60
f 61 57 60 64
