# Blender v2.72 (sub 0) OBJ File: ''
# www.blender.org
mtllib 'HQ-1.0'.mtl
o left_default
v -4.636208 0.240655 -0.874838
v -4.636208 7.781178 -0.874837
v -4.636208 7.781178 -4.605359
v -4.636208 0.240656 -4.605360
v -0.958477 0.240655 -0.874838
v -0.958477 7.781178 -0.874837
v -0.958477 7.781178 -4.605359
v -0.958477 0.240656 -4.605360
v -4.547942 7.781178 -4.517093
v -1.046742 7.781178 -4.517093
v -4.547942 7.781178 -0.963103
v -1.046742 7.781178 -0.963103
v -4.547942 7.570995 -4.517093
v -1.046742 7.570995 -4.517093
v -4.547942 7.570994 -0.963103
v -1.046742 7.570994 -0.963103
v 0.940657 0.240654 4.617953
v 0.940657 7.781177 4.617955
v 0.940657 7.781178 0.887433
v 0.940657 0.240655 0.887432
v 4.618389 0.240654 4.617953
v 4.618389 7.781177 4.617955
v 4.618389 7.781178 0.887433
v 4.618389 0.240655 0.887432
v 1.028923 7.781178 0.975699
v 4.530123 7.781178 0.975699
v 1.028923 7.781177 4.529689
v 4.530123 7.781177 4.529689
v 1.028923 7.570994 0.975699
v 4.530123 7.570994 0.975699
v 1.028923 7.570993 4.529689
v 4.530123 7.570993 4.529689
v 2.191669 0.342525 0.375144
v 2.191669 8.914909 0.375146
v -0.463910 8.914909 -2.280433
v -0.463910 0.342525 -2.280435
v 4.847248 0.342525 -2.280435
v 4.847248 8.914909 -2.280433
v 2.191669 8.914910 -4.936012
v 2.191669 0.342526 -4.936013
v -0.336442 8.914909 -2.280433
v 2.191669 8.914910 -4.808544
v 2.191669 8.914909 0.247678
v 4.719780 8.914909 -2.280433
v -0.336442 8.704726 -2.280433
v 2.191669 8.704727 -4.808544
v 2.191669 8.704726 0.247678
v 4.719780 8.704726 -2.280433
usemtl default
s off
f 1 5 6 2
f 3 7 8 4
f 5 8 7 6
f 3 2 11 9
f 7 10 12 6
f 9 13 14 10
f 6 12 11 2
f 23 19 25 26
f 11 15 13 9
f 12 16 15 11
f 10 14 16 12
f 15 16 14 13
f 20 17 18 19
f 17 21 22 18
f 19 23 24 20
f 21 24 23 22
f 18 27 25 19
f 23 26 28 22
f 25 29 30 26
f 22 28 27 18
f 39 35 41 42
f 27 31 29 25
f 28 32 31 27
f 26 30 32 28
f 31 32 30 29
f 33 34 35 36
f 33 37 38 34
f 35 39 40 36
f 40 39 38 37
f 35 34 43 41
f 38 39 42 44
f 41 45 46 42
f 34 38 44 43
f 43 47 45 41
f 44 48 47 43
f 42 46 48 44
f 45 47 48 46
f 4 1 2 3
f 3 9 10 7
